# Epochs (JDE, TT) for the FK5Correction dataset in src/test/astro/sun_test.cpp.
# Originally a 2024 random sampling ("Enhanced testing", b5f6c35); the sampling seed
# is unrecoverable (#68). 137 rows, one JDE per line.
2421614.0856030583
2421684.594562597
2424710.3919103565
2424873.541727225
2425074.217328695
2425367.1368461107
2426631.186830581
2427343.331375714
2427860.771517319
2428309.240384667
2429003.053763827
2429912.8164144373
2430765.0760874804
2431112.7481521517
2431656.3855597437
2431896.2510702685
2431960.4120500633
2432187.501465682
2432561.7475197767
2432622.9095498673
2432952.67863299
2432963.4046238316
2432978.259194849
2433637.7266294826
2434143.986544536
2434847.4417601665
2435096.1180057405
2435294.2574811466
2436577.605689057
2437450.09999954
2437591.734968175
2437625.586337221
2437730.665990756
2438021.258862965
2439066.1105002053
2440681.177043535
2440922.9522058275
2441252.4222598327
2442211.44629896
2443893.121392499
2444649.764626117
2450545.2710530814
2453418.9434938473
2453521.813336163
2456286.921275987
2457827.5440197964
2458273.764966161
2459807.383258806
2460359.8039363744
2461615.6237278646
2461657.7333513405
2463130.5081410077
2464989.4147874974
2466096.8201232953
2466729.484619301
2467001.8240119503
2467594.7747756597
2467963.79499122
2468130.7321785376
2468705.886389889
2470292.538419142
2471253.336368543
2472324.916086494
2474703.734096592
2475531.0198328616
2476854.0845395336
2478360.847359197
2479012.605710678
2479578.2313445043
2480048.7002244527
2421943.190803039
2422880.207353781
2424398.9561459045
2425847.029717303
2428391.6168062873
2430609.107017416
2431179.7779708765
2431351.5256792065
2432203.2741505075
2432250.6320899613
2433477.6941603646
2433665.0459526572
2433749.2858511163
2434309.316239123
2437043.7977593583
2437277.4221911924
2438515.780877586
2440151.0198625997
2440188.064899745
2440354.6908233003
2440696.8673751387
2441214.7566042724
2442097.224119589
2442133.919596853
2443155.391302985
2443226.66274259
2443555.740620342
2443747.956309117
2443907.008424264
2444123.383721766
2445701.1
2445728.4671206907
2446513.9825043
2447218.565686262
2450131.995148659
2450278.0228070086
2450769.839627534
2451545.0
2452067.265355629
2452836.877042457
2453262.454052536
2453752.466975442
2454359.1
2454370.882902501
2454734.943571639
2454774.36215
2455814.4174690833
2457012.236219827
2457078.775734441
2460505.25
2461134.6179472343
2462304.4085584246
2462597.96105
2463042.152194445
2463112.334247066
2464080.5
2464745.5141219306
2466591.5583286528
2467032.4364133934
2467218.2684583645
2467659.003065149
2471580.3970652344
2471849.405585389
2474264.852218124
2474702.1872755736
2477211.66049584
2481289.841332455
